# Camera list with one line of data per camera:
#   CAMERA_ID, MODEL, WIDTH, HEIGHT, PARAMS[]
# Number of cameras: 30
1 SIMPLE_RADIAL 2048 1536 1381.1843837919262 1024 768 -0.005429572735725011
2 SIMPLE_RADIAL 2048 1536 1371.1893356755602 1024 768 -0.013713502246256332
3 SIMPLE_RADIAL 2048 1536 1375.8207815324797 1024 768 -0.00048341582764177348
4 SIMPLE_RADIAL 2048 1536 1369.8243026205785 1024 768 -0.0053232809600966659
5 SIMPLE_RADIAL 2048 1536 1367.277602946654 1024 768 -0.0047409660458756437
6 SIMPLE_RADIAL 2048 1536 1366.1578522735531 1024 768 -0.007169160492232483
7 SIMPLE_RADIAL 2048 1536 1378.3788050823639 1024 768 0.0027775077607434867
8 SIMPLE_RADIAL 2048 1536 1382.8043379180795 1024 768 0.0032304502565882131
9 SIMPLE_RADIAL 2048 1536 1377.4283478888667 1024 768 -0.00051398886370809306
10 SIMPLE_RADIAL 2048 1536 1379.8887731574644 1024 768 0.0033516914273678824
11 SIMPLE_RADIAL 2048 1536 1377.2273368523524 1024 768 0.0011453618783442193
12 SIMPLE_RADIAL 2048 1536 1375.2099730663476 1024 768 -0.00084824225435323869
13 SIMPLE_RADIAL 2048 1536 1372.3087670901896 1024 768 0.0016589226496771436
14 SIMPLE_RADIAL 2048 1536 1387.3215406421803 1024 768 0.0077770854403388517
15 SIMPLE_RADIAL 2048 1536 1383.0118226224211 1024 768 -0.0014593120726747468
16 SIMPLE_RADIAL 2048 1536 1392.7320642202462 1024 768 0.0021137444749866172
17 SIMPLE_RADIAL 2048 1536 1376.8829504526661 1024 768 -0.0060338489582577922
18 SIMPLE_RADIAL 2048 1536 1376.7481576750349 1024 768 -0.0052863980947386565
19 SIMPLE_RADIAL 2048 1536 1379.3100978375137 1024 768 -0.0039149129752787289
20 SIMPLE_RADIAL 2048 1536 1372.8008001658388 1024 768 0.0018663907844939625
21 SIMPLE_RADIAL 2048 1536 1379.8230334047594 1024 768 -0.0042146908005405185
22 SIMPLE_RADIAL 2048 1536 1378.780687676943 1024 768 -0.0019311933146943518
23 SIMPLE_RADIAL 2048 1536 1377.3981119726041 1024 768 -0.0022142840624912205
24 SIMPLE_RADIAL 2048 1536 1376.9514319132104 1024 768 -0.0025183784704776819
25 SIMPLE_RADIAL 2048 1536 1383.5608992276802 1024 768 -0.00013040343952254094
26 SIMPLE_RADIAL 2048 1536 1377.1272645911288 1024 768 -0.0090582730534786837
27 SIMPLE_RADIAL 2048 1536 1376.8607053522946 1024 768 -0.0099751544972681815
28 SIMPLE_RADIAL 2048 1536 1384.0489079784741 1024 768 -0.01080154572195657
29 SIMPLE_RADIAL 2048 1536 1384.3293214269199 1024 768 -0.00284149928399903
30 SIMPLE_RADIAL 2048 1536 1386.4372193809329 1024 768 -0.00065725291436088908
