# Camera list with one line of data per camera:
#   CAMERA_ID, MODEL, WIDTH, HEIGHT, PARAMS[]
# Number of cameras: 20
21 SIMPLE_RADIAL 2048 1536 1391.6318854155872 1024 768 -0.0069231384876998672
22 SIMPLE_RADIAL 2048 1536 1389.5499425292164 1024 768 0.015054215301596093
23 SIMPLE_RADIAL 2048 1536 1403.1711308586075 1024 768 0.012451232855444527
24 SIMPLE_RADIAL 2048 1536 1403.7113526909757 1024 768 0.012852954489518441
25 SIMPLE_RADIAL 2048 1536 1394.1924325978434 1024 768 0.015746059256685704
26 SIMPLE_RADIAL 2048 1536 1394.8227562950253 1024 768 0.015862451635645664
27 SIMPLE_RADIAL 2048 1536 1395.5661910829831 1024 768 0.010540101966443215
28 SIMPLE_RADIAL 2048 1536 1391.9076353004616 1024 768 0.014942059651602078
29 SIMPLE_RADIAL 2048 1536 1395.6511450755163 1024 768 -0.0053649437602397683
30 SIMPLE_RADIAL 2048 1536 1394.8131641856289 1024 768 -0.0039909665402574597
31 SIMPLE_RADIAL 2048 1536 1392.8352026091445 1024 768 0.017321743419155811
32 SIMPLE_RADIAL 2048 1536 1392.5258270778202 1024 768 0.014382492978913907
33 SIMPLE_RADIAL 2048 1536 1397.9848406610229 1024 768 0.0066629904722552997
34 SIMPLE_RADIAL 2048 1536 1391.300086672803 1024 768 0.0094736070341704497
35 SIMPLE_RADIAL 2048 1536 1385.0662290992495 1024 768 0.010982618353400947
36 SIMPLE_RADIAL 2048 1536 1375.7819932625819 1024 768 -0.0113146062085142
37 SIMPLE_RADIAL 2048 1536 1391.7304447014055 1024 768 0.00085880301253619961
38 SIMPLE_RADIAL 2048 1536 1393.7574473137984 1024 768 0.014484522272505049
39 SIMPLE_RADIAL 2048 1536 1400.5514910487179 1024 768 -0.0062584122137451983
40 SIMPLE_RADIAL 2048 1536 1393.4331610731456 1024 768 0.01445811800494365
